4900
4164
29910
8789
700
22489
20139
16798
9876
3152
17778
3963
2992
17011
32665
29824
7466
27194
31279
1489
911
25582
6440
1123
1851
2082
13408
13406
17412
6611
7963
19593
18140
11568
21831
9414
17052
3963
11169
4120
22158
31463
22466
12504
7561
13140
22118
12554
13059
6770
11565
8376
114
2247
17046
19459
17507
32350
17864
11431
5469
26669
19850
5081
32290
694
18464
12285
15852
16147
7148
26109
24910
24757
16342
1070
7504
7579
11115
14125
12726
202
17513
8113
27070
17272
26842
32036
9215
7210
30598
18845
19285
20822
3669
32279
5311
9481
19284
30916
599
6492
26810
28357
15817
4388
23105
3989
19390
21282
6479
26747
26610
5053
28528
30138
4355
13331
22774
4056
25289
15543
26006
3694
14403
13120
24536
25431
15770
17843
24933
7286
24943
6861
32177
26159
5674
19996
21680
30929
8903
21696
168
29760
23721
9274
749
30822
18673
23335
23514
5913
2334
23287
17806
23118
14852
17145
15580
12165
26515
30799
3563
14911
11294
27681
21675
10400
28814
18869
15805
29020
27783
15868
3537
19339
15352
17467
32607
12138
21317
29587
18080
19423
22702
12634
28592
20184
40
20067
17333
7575
21541
6837
13885
25885
6927
8199
4140
19933
