4104
21496
2490
18900
7713
31016
4942
6628
7104
32307
19399
30769
4660
14919
4718
4696
26572
9937
31168
24882
3636
9385
9008
32737
14998
26624
6817
26523
876
14085
28065
7225
39
26458
31335
5502
18050
17978
12939
28968
24995
22374
19847
14777
7926
5844
9969
19970
19657
10519
17526
13684
18087
9869
16278
27942
27510
27978
3873
31141
22864
9671
27765
18815
2849
26187
20597
13454
13317
8469
17480
9221
29791
18766
470
12092
17593
23217
8195
14651
12894
12280
18089
23304
18873
21510
9816
9905
19052
14806
12237
3864
303
1829
18227
129
25455
24034
28443
30173
