20942
5787
2616
14299
2498
19717
11907
27074
11194
27983
9887
16485
8084
17221
15856
29133
19293
4887
8324
19
10107
6172
6439
19577
27036
13129
9252
16455
29282
1391
25307
10087
27083
28984
15367
6336
13922
16608
13516
2130
15143
27571
20099
24342
2111
14153
30022
13459
27228
12420
19258
1600
1258
14406
23711
2205
25343
8179
2201
28176
11007
4522
10939
16256
24850
16450
20825
8883
25671
6918
3210
10856
4741
305
8703
3123
16182
12584
12679
22556
26801
28538
5726
3575
22635
8600
4409
11394
6622
22612
1810
5696
29749
1562
24755
26648
21180
23793
22276
7596
